-5.998337951157254322e-01 -8.779262395648756989e-02 -7.952935768732830590e-01 6.302611239625133255e-01 8.001246266907836580e-01 -6.581597547970370610e-02 -5.962120756363369356e-01 -5.699346931968177765e-01 0.000000000000000000e+00 -9.939621283280816177e-01 1.097236868206231536e-01 3.086592460386953229e-01 0.000000000000000000e+00 0.000000000000000000e+00 0.000000000000000000e+00 1.000000000000000000e+00
-5.873100318866091296e-01 -1.008893094544912467e-01 -8.030493594313777850e-01 6.396788123240726431e-01 8.093620490518134147e-01 -7.320988625813609763e-02 -5.827292562663390907e-01 -5.586646464478242091e-01 0.000000000000000000e+00 -9.922004131181698661e-01 1.246528788601904830e-01 2.828578099561481762e-01 0.000000000000000000e+00 0.000000000000000000e+00 0.000000000000000000e+00 1.000000000000000000e+00
-5.755707811472963176e-01 -1.131578183257263559e-01 -8.098849202456191998e-01 6.473850744835401017e-01 8.177519647726265717e-01 -7.964558532705140470e-02 -5.700335997539269783e-01 -5.485457357018396207e-01 0.000000000000000000e+00 -9.903796690611501585e-01 1.383767000268712744e-01 2.585001161630430810e-01 0.000000000000000000e+00 0.000000000000000000e+00 0.000000000000000000e+00 1.000000000000000000e+00
-5.645684783041980959e-01 -1.246445411314350132e-01 -8.159204444499575937e-01 6.534244876877625119e-01 8.253862328057587350e-01 -8.525751474711090738e-02 -5.580938298116759899e-01 -5.395261788896081878e-01 0.000000000000000000e+00 -9.885316861614908968e-01 1.510135936090517272e-01 2.355455254396003062e-01 0.000000000000000000e+00 0.000000000000000000e+00 0.000000000000000000e+00 1.000000000000000000e+00
-5.542591034811518158e-01 -1.353977528526351670e-01 -8.212577517020624995e-01 6.578416291835872398e-01 8.323441873457577689e-01 -9.016154404678994316e-02 -5.468766312129536011e-01 -5.315541939418749751e-01 0.000000000000000000e+00 -9.866804672727415015e-01 1.626703891384184975e-01 2.139533985660401760e-01 0.000000000000000000e+00 0.000000000000000000e+00 0.000000000000000000e+00 1.000000000000000000e+00
-5.446022332872123561e-01 -1.454659279974801211e-01 -8.259830938284468127e-01 6.606810762178607632e-01 8.386944661189680295e-01 -9.445760340021971957e-02 -5.363481645920922247e-01 -5.245779987893844920e-01 0.000000000000000000e+00 -9.848438581580933882e-01 1.734432905830642635e-01 1.936830963225829594e-01 0.000000000000000000e+00 0.000000000000000000e+00 0.000000000000000000e+00 1.000000000000000000e+00
-5.355609941684766895e-01 -1.548966290951360458e-01 -8.301695343845356678e-01 6.619874060374302260e-01 8.444965491494166310e-01 -9.823200906515411335e-02 -5.264751189465182168e-01 -5.185458113628814703e-01 0.000000000000000000e+00 -9.830348451046826419e-01 1.834189011798202373e-01 1.746939794894489806e-01 0.000000000000000000e+00 0.000000000000000000e+00 0.000000000000000000e+00 1.000000000000000000e+00
-5.271019548634493512e-01 -1.637358048205714012e-01 -8.338789572827041141e-01 6.618051958891429942e-01 8.498020529388771171e-01 -1.015594896524343732e-01 -5.172254255954620294e-01 -5.134058495931109745e-01 0.000000000000000000e+00 -9.812625827378198551e-01 1.926752286068532938e-01 1.569454088468586750e-01 0.000000000000000000e+00 0.000000000000000000e+00 0.000000000000000000e+00 1.000000000000000000e+00
-5.191949840466649757e-01 -1.720273778172002055e-01 -8.371637532897142631e-01 6.601790230198452125e-01 8.546558187602675272e-01 -1.045049360465936106e-01 -5.085687267234528797e-01 -5.091063314108170701e-01 0.000000000000000000e+00 -9.795332049620552040e-01 2.012826380410500104e-01 1.403967451750321171e-01 0.000000000000000000e+00 0.000000000000000000e+00 0.000000000000000000e+00 1.000000000000000000e+00
-5.118130911136649086e-01 -1.798130350356895446e-01 -8.400682306788711529e-01 6.571534646763848020e-01 8.590968279330770674e-01 -1.071249040757895898e-01 -5.004766679497433257e-01 -5.055954747467450439e-01 0.000000000000000000e+00 -9.778504626771962194e-01 2.093047363104648673e-01 1.250073492541897979e-01 0.000000000000000000e+00 0.000000000000000000e+00 0.000000000000000000e+00 1.000000000000000000e+00
-5.049322623048819736e-01 -1.871321576229217631e-01 -8.426297918226389738e-01 6.527730981056082404e-01 8.631589717332919243e-01 -1.094689006230151196e-01 -4.929230663224379305e-01 -5.028214975316394053e-01 0.000000000000000000e+00 -9.762162236819148520e-01 2.167991803956407781e-01 1.107365818645519862e-01 0.000000000000000000e+00 0.000000000000000000e+00 0.000000000000000000e+00 1.000000000000000000e+00
-4.985313003128340470e-01 -1.940218451568605507e-01 -8.448799123013412959e-01 6.470825005543625608e-01 8.668716990468628980e-01 -1.115804828574938345e-01 -4.858839915421104272e-01 -5.007326176962449971e-01 0.000000000000000000e+00 -9.746308631719066140e-01 2.238184097718153576e-01 9.754380378633897841e-02 0.000000000000000000e+00 0.000000000000000000e+00 0.000000000000000000e+00 1.000000000000000000e+00
-4.925916726798267864e-01 -2.005170019694673123e-01 -8.468449538892387496e-01 6.401262492694950179e-01 8.702605609853237834e-01 -1.134981979294241994e-01 -4.793377880579443584e-01 -4.992770531713064397e-01 0.000000000000000000e+00 -9.730935674373507593e-01 2.304103057852449621e-01 8.538837579977118231e-02 0.000000000000000000e+00 0.000000000000000000e+00 0.000000000000000000e+00 1.000000000000000000e+00
-4.870973723220402563e-01 -2.066504626861189187e-01 -8.485468379226787095e-01 6.319489214978520897e-01 8.733476683869738633e-01 -1.152563875844014318e-01 -4.732650581270823054e-01 -4.984030218875682983e-01 0.000000000000000000e+00 -9.716025686424503149e-01 2.366187832937038660e-01 7.422965868506870013e-02 0.000000000000000000e+00 0.000000000000000000e+00 0.000000000000000000e+00 1.000000000000000000e+00
-4.820347921592883500e-01 -2.124531408805033494e-01 -8.500036012147010878e-01 6.225950944862810310e-01 8.761520753544738138e-01 -1.168858791625739663e-01 -4.676486203384336848e-01 -4.980587417757754709e-01 0.000000000000000000e+00 -9.701553247714518324e-01 2.424843207665164369e-01 6.402701322245200888e-02 0.000000000000000000e+00 0.000000000000000000e+00 0.000000000000000000e+00 1.000000000000000000e+00
-4.773926149077339920e-01 -2.179541896001143675e-01 -8.512298528995052571e-01 6.121093454816292079e-01 8.786900996549101839e-01 -1.184145815961262088e-01 -4.624734539774779107e-01 -4.981924307666727447e-01 0.000000000000000000e+00 -9.687486557932205589e-01 2.480444353313095984e-01 5.473980019214136350e-02 0.000000000000000000e+00 0.000000000000000000e+00 0.000000000000000000e+00 1.000000000000000000e+00
-4.731617184763572959e-01 -2.231811659753593913e-01 -8.522371473494800842e-01 6.005362517307429870e-01 8.809755888607245788e-01 -1.198680024278775264e-01 -4.577266365697433836e-01 -4.987523067910045738e-01 0.000000000000000000e+00 -9.673788446869351354e-01 2.533341091368680464e-01 4.632738037435711609e-02 0.000000000000000000e+00 0.000000000000000000e+00 0.000000000000000000e+00 1.000000000000000000e+00
-4.693350970041754722e-01 -2.281601945619762539e-01 -8.530342855580439476e-01 5.879203904804695124e-01 8.830201394759245037e-01 -1.212696995912133507e-01 -4.533972797017817857e-01 -4.996865877795160227e-01 0.000000000000000000e+00 -9.660417100614744346e-01 2.583861730462797546e-01 3.874911454931951466e-02 0.000000000000000000e+00 0.000000000000000000e+00 0.000000000000000000e+00 1.000000000000000000e+00
-4.659077973173034182e-01 -2.329161257555647790e-01 -8.536275550624853325e-01 5.743063389776560390e-01 8.848332749162062250e-01 -1.226416797229193667e-01 -4.494764665650498037e-01 -5.009434916629514900e-01 0.000000000000000000e+00 -9.647326555879399690e-01 2.632316531920908531e-01 3.196436349724893211e-02 0.000000000000000000e+00 0.000000000000000000e+00 0.000000000000000000e+00 1.000000000000000000e+00
-4.628768704242174348e-01 -2.374726867557911403e-01 -8.540209165303085381e-01 5.597386744691494886e-01 8.864225870465408663e-01 -1.240047531087786065e-01 -4.459571934391782788e-01 -5.024712363720558184e-01 0.000000000000000000e+00 -9.634467002649480527e-01 2.679000853836804308e-01 2.593248799836565463e-02 0.000000000000000000e+00 0.000000000000000000e+00 0.000000000000000000e+00 1.000000000000000000e+00
-4.602413375682589680e-01 -2.418526232870742698e-01 -8.542161434921142771e-01 5.442619742017964501e-01 8.877938449850730773e-01 -1.253788539589467954e-01 -4.428343164057649828e-01 -5.042180398375737393e-01 0.000000000000000000e+00 -9.621784925828998913e-01 2.724198017965991370e-01 2.061284883288999614e-02 0.000000000000000000e+00 0.000000000000000000e+00 0.000000000000000000e+00 1.000000000000000000e+00
-4.580021702913086856e-01 -2.460778307015613342e-01 -8.542129203223660650e-01 5.279208154224444005e-01 8.889510740240156306e-01 -1.267833335435596398e-01 -4.401045038705369561e-01 -5.061321199902500956e-01 0.000000000000000000e+00 -9.609223108934438207e-01 2.768181938153700394e-01 1.596480678104225323e-02 0.000000000000000000e+00 0.000000000000000000e+00 0.000000000000000000e+00 1.000000000000000000e+00
-4.561622839103995908e-01 -2.501694732673139243e-01 -8.540089024025467879e-01 5.107597753779400396e-01 8.898966067682514414e-01 -1.282372327552861180e-01 -4.377661949004497677e-01 -5.081616947608292856e-01 0.000000000000000000e+00 -9.596720516824596148e-01 2.811219543535842247e-01 1.194772262304276585e-02 0.000000000000000000e+00 0.000000000000000000e+00 0.000000000000000000e+00 1.000000000000000000e+00
-4.547265437519274478e-01 -2.541480904250986717e-01 -8.535997414132119321e-01 4.928234313151304558e-01 8.906311079270846642e-01 -1.297595398718308923e-01 -4.358195628982530212e-01 -5.102549820800563740e-01 0.000000000000000000e+00 -9.584212069573203596e-01 2.853573024376165890e-01 8.520957139111828837e-03 0.000000000000000000e+00 0.000000000000000000e+00 0.000000000000000000e+00 1.000000000000000000e+00
-4.537017834100491309e-01 -2.580336886086944670e-01 -8.529790778638900450e-01 4.741563604808629595e-01 8.911535735946644055e-01 -1.313694386360466648e-01 -4.342664836962543129e-01 -5.123601998786758704e-01 0.000000000000000000e+00 -9.571628315680886789e-01 2.895501923062022698e-01 5.643871109469749195e-03 0.000000000000000000e+00 0.000000000000000000e+00 0.000000000000000000e+00 1.000000000000000000e+00
-4.530968341809735733e-01 -2.618458168802803021e-01 -8.521385022620900918e-01 4.548031401219838066e-01 8.914613053044867508e-01 -1.330865512232893011e-01 -4.331105067166016731e-01 -5.144255660874326175e-01 0.000000000000000000e+00 -9.558895009705827839e-01 2.937265087359506310e-01 3.275825314336861232e-03 0.000000000000000000e+00 0.000000000000000000e+00 0.000000000000000000e+00 1.000000000000000000e+00
-4.529225646564480900e-01 -2.656036241376392160e-01 -8.510674857318761832e-01 4.348083474853404184e-01 8.915498586310389717e-01 -1.349311801935366151e-01 -4.323568273851515764e-01 -5.163992986370711247e-01 0.000000000000000000e+00 -9.545932596957361627e-01 2.979122497371817224e-01 1.376180533933445919e-03 0.000000000000000000e+00 0.000000000000000000e+00 0.000000000000000000e+00 1.000000000000000000e+00
-4.531919292188530957e-01 -2.693258949983775019e-01 -8.497532804139193985e-01 4.142165598177798280e-01 8.914129656286665648e-01 -1.369245530962510393e-01 -4.320122584701710511e-01 -5.182296154583363457e-01 0.000000000000000000e+00 -9.532655606087502287e-01 3.021336971562178508e-01 -9.570245152016503346e-05 0.000000000000000000e+00 0.000000000000000000e+00 0.000000000000000000e+00 1.000000000000000000e+00
-4.539200238447224645e-01 -2.730310606460641387e-01 -8.481807896169848426e-01 3.930723543661489572e-01 8.910424299396784154e-01 -1.390890729717566554e-01 -4.320851974171884824e-01 -5.198647344819730121e-01 0.000000000000000000e+00 -9.518971949230350393e-01 3.064175750469567694e-01 -1.180462861803661598e-03 0.000000000000000000e+00 0.000000000000000000e+00 0.000000000000000000e+00 1.000000000000000000e+00
-4.551241471664800864e-01 -2.767371799168790725e-01 -8.463324074603529867e-01 3.714203083772947833e-01 8.904279929707871188e-01 -1.414485775303545301e-01 -4.325855860389422602e-01 -5.212528736387257444e-01 0.000000000000000000e+00 -9.504782128835421728e-01 3.107911949101966331e-01 -1.918739916696746324e-03 0.000000000000000000e+00 0.000000000000000000e+00 0.000000000000000000e+00 1.000000000000000000e+00
-4.568238641312646897e-01 -2.804618846925732156e-01 -8.441878276751386689e-01 3.493049990980641728e-01 8.895571691353961752e-01 -1.440286092363531611e-01 -4.335248580661344997e-01 -5.223422508593389413e-01 0.000000000000000000e+00 -9.489978350639857174e-01 3.152825860143060877e-01 -2.351172835979086634e-03 0.000000000000000000e+00 0.000000000000000000e+00 0.000000000000000000e+00 1.000000000000000000e+00
-4.590410687915667531e-01 -2.842222822252624126e-01 -8.417238213626599963e-01 3.267710037753043251e-01 8.884150478029377851e-01 -1.468566978122625155e-01 -4.349158690424869689e-01 -5.230810840745578894e-01 0.000000000000000000e+00 -9.474443543524554423e-01 3.199206079727576202e-01 -2.518400839430385077e-03 0.000000000000000000e+00 0.000000000000000000e+00 0.000000000000000000e+00 1.000000000000000000e+00
-4.618000417175454619e-01 -2.880348053343108061e-01 -8.389139839016268585e-01 3.038628996558619955e-01 8.869840593097901849e-01 -1.499626557246085123e-01 -4.367728018299093518e-01 -5.234175912151270982e-01 0.000000000000000000e+00 -9.458050289589541304e-01 3.247350415276303304e-01 -2.461063146830319050e-03 0.000000000000000000e+00 0.000000000000000000e+00 0.000000000000000000e+00 1.000000000000000000e+00
-4.651274961788746665e-01 -2.919149994772730627e-01 -8.357284519379214460e-01 2.806252639865842724e-01 8.852437022076863338e-01 -1.533788859105227609e-01 -4.391110395543204037e-01 -5.232999902117909663e-01 0.000000000000000000e+00 -9.440659672062279295e-01 3.297566520374827781e-01 -2.219798977958587632e-03 0.000000000000000000e+00 0.000000000000000000e+00 0.000000000000000000e+00 1.000000000000000000e+00
-4.690526055388722915e-01 -2.958772335162588862e-01 -8.321335925943383893e-01 2.571026740143184108e-01 8.831702289124080396e-01 -1.571406992186993590e-01 -4.419469961566241389e-01 -5.226764989952947804e-01 0.000000000000000000e+00 -9.422120055145887241e-01 3.350172184592555280e-01 -1.835247552594875160e-03 0.000000000000000000e+00 0.000000000000000000e+00 0.000000000000000000e+00 1.000000000000000000e+00
-4.736070021607768910e-01 -2.999343186209890155e-01 -8.280916688493158428e-01 2.333397069859109441e-01 8.807362871508597202e-01 -1.612866366012352393e-01 -4.452978928196036912e-01 -5.214953354963829391e-01 0.000000000000000000e+00 -9.402265819297092042e-01 3.405495186206785041e-01 -1.348048090518874642e-03 0.000000000000000000e+00 0.000000000000000000e+00 0.000000000000000000e+00 1.000000000000000000e+00
-4.788247354641272935e-01 -3.040970172647766701e-01 -8.235604876378994632e-01 2.093809401482091825e-01 8.779105152051138727e-01 -1.658587877982266867e-01 -4.491814664502469800e-01 -5.197047176457999518e-01 0.000000000000000000e+00 -9.380916088531914276e-01 3.463872592911452220e-01 -7.988398115102591374e-04 0.000000000000000000e+00 0.000000000000000000e+00 0.000000000000000000e+00 1.000000000000000000e+00
-4.847421735058647374e-01 -3.083734218534425198e-01 -8.184930408495901810e-01 1.852709507480599649e-01 8.746570900786262426e-01 -1.709030938596075022e-01 -4.536155941812451409e-01 -5.172528633742909943e-01 0.000000000000000000e+00 -9.357873504186797753e-01 3.525649369923036236e-01 -2.282619353487364000e-04 0.000000000000000000e+00 0.000000000000000000e+00 0.000000000000000000e+00 1.000000000000000000e+00
-4.913978285224185338e-01 -3.127681804700358503e-01 -8.128371542990113774e-01 1.610543160323103240e-01 8.709352295799336341e-01 -1.764696150688639109e-01 -4.586178156526360405e-01 -5.140879906126003540e-01 0.000000000000000000e+00 -9.332923123239097452e-01 3.591176127079955260e-01 3.230463181860092348e-04 0.000000000000000000e+00 0.000000000000000000e+00 0.000000000000000000e+00 1.000000000000000000e+00
-4.988320822077916827e-01 -3.172815459760680024e-01 -8.065351662161266422e-01 1.367756132478070985e-01 8.666986522201582943e-01 -1.826127383721204422e-01 -4.642047328754808078e-01 -5.101583172914730957e-01 0.000000000000000000e+00 -9.305831549986662843e-01 3.660805807916178156e-01 8.144457293143090443e-04 0.000000000000000000e+00 0.000000000000000000e+00 0.000000000000000000e+00 1.000000000000000000e+00
-5.070867811241891454e-01 -3.219082249649134475e-01 -7.995236651338392120e-01 1.124794196413975156e-01 8.618950031234132725e-01 -1.893912889891599671e-01 -4.703912661241871906e-01 -5.054120613416538399e-01 0.000000000000000000e+00 -9.276346448656190846e-01 3.734889096680607534e-01 1.205297078256456142e-03 0.000000000000000000e+00 0.000000000000000000e+00 0.000000000000000000e+00 1.000000000000000000e+00
-5.162045618104477152e-01 -3.266360196727707832e-01 -7.917333901121089701e-01 8.821020349156437346e-02 8.564653235047426927e-01 -1.968684531403071258e-01 -4.771896497117880664e-01 -4.997978675857885356e-01 0.000000000000000000e+00 -9.244196681218287415e-01 3.813768178449339907e-01 1.455128733342852133e-03 0.000000000000000000e+00 0.000000000000000000e+00 0.000000000000000000e+00 1.000000000000000000e+00
-5.262182964848869382e-01 -3.314457599574922586e-01 -7.830951491681863441e-01 6.400223279658191766e-02 8.503495189888352623e-01 -2.051072168411026131e-01 -4.845995513361039952e-01 -4.933043412244781933e-01 0.000000000000000000e+00 -9.209097337990826970e-01 3.897759127936238355e-01 1.539156603938025532e-03 0.000000000000000000e+00 0.000000000000000000e+00 0.000000000000000000e+00 1.000000000000000000e+00
-5.371418724146340695e-01 -3.363122572187631221e-01 -7.735455219593229126e-01 3.987139649236898925e-02 8.434919139499209573e-01 -2.141661260420852364e-01 -4.925994940691927337e-01 -4.859920888409465789e-01 0.000000000000000000e+00 -9.170752074396877340e-01 3.987142634763067850e-01 1.460862714549268984e-03 0.000000000000000000e+00 0.000000000000000000e+00 0.000000000000000000e+00 1.000000000000000000e+00
-5.489849138496619707e-01 -3.412017681447133133e-01 -7.630182945253675131e-01 1.583165882091195492e-02 8.358322585097319735e-01 -2.241055204357093045e-01 -5.011598061943520754e-01 -4.779292571541217671e-01 0.000000000000000000e+00 -9.128844774259015082e-01 4.082179943055411209e-01 1.226689176507719890e-03 0.000000000000000000e+00 0.000000000000000000e+00 0.000000000000000000e+00 1.000000000000000000e+00
-5.617537404550150271e-01 -3.460703723919667518e-01 -7.514439649350344030e-01 -8.103015975802775259e-03 8.273044996159514275e-01 -2.349876330203618247e-01 -5.102431550179660213e-01 -4.691839928829319439e-01 0.000000000000000000e+00 -9.083039742729156485e-01 4.183107580735005993e-01 8.430781011445324545e-04 0.000000000000000000e+00 0.000000000000000000e+00 0.000000000000000000e+00 1.000000000000000000e+00
-5.754503336353143927e-01 -3.508624632474467986e-01 -7.387505975651995627e-01 -3.191866365578915898e-02 8.178367279102873866e-01 -2.468755860986464878e-01 -5.198033584630291637e-01 -4.598244427463051287e-01 0.000000000000000000e+00 -9.032983875067994717e-01 4.290128472757152034e-01 3.164715997908336170e-04 0.000000000000000000e+00 0.000000000000000000e+00 0.000000000000000000e+00 1.000000000000000000e+00
-5.900711361188966109e-01 -3.555091961897074992e-01 -7.248649982885797538e-01 -5.560131997706065782e-02 8.073512583252439034e-01 -2.598320286656042311e-01 -5.297841660149555931e-01 -4.499187534631692298e-01 0.000000000000000000e+00 -8.978310132224576190e-01 4.403401772447471108e-01 -3.466882162222204109e-04 0.000000000000000000e+00 0.000000000000000000e+00 0.000000000000000000e+00 1.000000000000000000e+00
-6.056056790149666469e-01 -3.599269686698864934e-01 -7.097142655808236222e-01 -7.913702069763080271e-02 7.957648908721854930e-01 -2.739173576987274372e-01 -5.401180608038637088e-01 -4.395350717524525441e-01 0.000000000000000000e+00 -8.918642600617282534e-01 4.523031523486720218e-01 -1.139959235563498896e-03 0.000000000000000000e+00 0.000000000000000000e+00 0.000000000000000000e+00 1.000000000000000000e+00
-6.220350388369941808e-01 -3.640160340870710054e-01 -6.932277673222412284e-01 -1.025118015755137196e-01 7.829894063517457425e-01 -2.891874731175090307e-01 -5.507251537135841035e-01 -4.287415443330827025e-01 0.000000000000000000e+00 -8.853603403809267025e-01 4.649054395041744558e-01 -2.056899346901858421e-03 0.000000000000000000e+00 0.000000000000000000e+00 0.000000000000000000e+00 1.000000000000000000e+00
-6.393301390936827477e-01 -3.676593864851194771e-01 -6.753395803415033205e-01 -1.257116983687228684e-01 7.689323593440792193e-01 -3.056910323050243128e-01 -5.615122612390902601e-01 -4.176063179239880574e-01 0.000000000000000000e+00 -8.782821689512284591e-01 4.781426896882622346e-01 -3.091066438906154863e-03 0.000000000000000000e+00 0.000000000000000000e+00 0.000000000000000000e+00 1.000000000000000000e+00
-6.574499277207366266e-01 -3.707220875191056253e-01 -6.559914072344811276e-01 -1.487227468352719795e-01 7.534982365871855103e-01 -3.234661978080356493e-01 -5.723722794961463300e-01 -4.061975392440965726e-01 0.000000000000000000e+00 -8.705944823516225117e-01 4.920012675785608858e-01 -4.236018400245243447e-03 0.000000000000000000e+00 0.000000000000000000e+00 0.000000000000000000e+00 1.000000000000000000e+00
-6.763394833839947440e-01 -3.730512395415733207e-01 -6.351359507163538698e-01 -1.715309827331746306e-01 7.365900509889276027e-01 -3.425369135634704354e-01 -5.831839843741771778e-01 -3.945833550123362121e-01 0.000000000000000000e+00 -8.622651770325109322e-01 5.064570707148757789e-01 -5.485313119587973546e-03 0.000000000000000000e+00 0.000000000000000000e+00 0.000000000000000000e+00 1.000000000000000000e+00
-6.959281305878716184e-01 -3.744768320097325853e-01 -6.127406787087216200e-01 -1.941224418204446356e-01 7.181114377702600970e-01 -3.629088020909315704e-01 -5.938123982441381177e-01 -3.828319119476349397e-01 0.000000000000000000e+00 -8.532668419977889052e-01 5.214745404591871747e-01 -6.832508485603228793e-03 0.000000000000000000e+00 0.000000000000000000e+00 0.000000000000000000e+00 1.000000000000000000e+00
-7.161276748396178116e-01 -3.748136945856442304e-01 -5.887918542913633813e-01 -2.164831598550956138e-01 6.979693068672881973e-01 -3.845648468503505835e-01 -6.041098618944766852e-01 -3.710113567689211078e-01 0.000000000000000000e+00 -8.435784331750224574e-01 5.370059842143047879e-01 -8.271162386959841212e-03 0.000000000000000000e+00 0.000000000000000000e+00 0.000000000000000000e+00 1.000000000000000000e+00
-7.368309029300709190e-01 -3.738647696901531980e-01 -5.632986370228363349e-01 -2.385991725951412956e-01 6.760770817645399555e-01 -4.074611065140045785e-01 -6.139179311529567862e-01 -3.591898361951224583e-01 0.000000000000000000e+00 -8.331870022167363610e-01 5.529913374882903243e-01 -9.794832712326685328e-03 0.000000000000000000e+00 0.000000000000000000e+00 0.000000000000000000e+00 1.000000000000000000e+00
-7.578940791165371671e-01 -3.714046037853805937e-01 -5.363349560928510895e-01 -2.604565157985953006e-01 6.523776244170979011e-01 -4.314760954854509056e-01 -6.230825099331017691e-01 -3.474354969451671771e-01 0.000000000000000000e+00 -8.221234696270716125e-01 5.693092311638249248e-01 -1.139707735037260965e-02 0.000000000000000000e+00 0.000000000000000000e+00 0.000000000000000000e+00 1.000000000000000000e+00
-7.790329160115464502e-01 -3.670918540189656576e-01 -5.082826836352634103e-01 -2.820412252234715256e-01 6.269830267005215285e-01 -4.561154374232788689e-01 -6.315465081635904809e-01 -3.358164857379831725e-01 0.000000000000000000e+00 -8.106801332566928586e-01 5.854893009636560341e-01 -1.307145418976648869e-02 0.000000000000000000e+00 0.000000000000000000e+00 0.000000000000000000e+00 1.000000000000000000e+00
-7.998798886957982912e-01 -3.606552079303691483e-01 -4.797082286689479669e-01 -3.033393366277832293e-01 6.001601150193149881e-01 -4.806731409794192111e-01 -6.393443265416390853e-01 -3.244009492924987970e-01 0.000000000000000000e+00 -7.993004144460840177e-01 6.009316495794828628e-01 -1.481152111917714148e-02 0.000000000000000000e+00 0.000000000000000000e+00 0.000000000000000000e+00 1.000000000000000000e+00
-8.200440039949955517e-01 -3.520061283791889317e-01 -4.512421933899240512e-01 -3.243368857695446139e-01 5.723004731011984703e-01 -5.043862944628448863e-01 -6.465807253902522422e-01 -3.132570343276416258e-01 0.000000000000000000e+00 -7.884707677152872352e-01 6.150722302774411787e-01 -1.661083602727347897e-02 0.000000000000000000e+00 0.000000000000000000e+00 0.000000000000000000e+00 1.000000000000000000e+00
-8.391310978590509340e-01 -3.412585140467229161e-01 -4.235582925601698578e-01 -3.450199084067688271e-01 5.439292238939398283e-01 -5.264667147239217027e-01 -6.534323206591001743e-01 -3.024528875623400670e-01 0.000000000000000000e+00 -7.787011139573537521e-01 6.273950710051653390e-01 -1.846295680272430628e-02 0.000000000000000000e+00 0.000000000000000000e+00 0.000000000000000000e+00 1.000000000000000000e+00
-8.567671394144182884e-01 -3.287271795083445691e-01 -3.973518721135254061e-01 -3.653744402974701266e-01 5.157034698541739237e-01 -5.461329265726576621e-01 -6.601429827647562476e-01 -2.920566557155219733e-01 0.000000000000000000e+00 -7.705045541498588557e-01 6.374344923475095959e-01 -2.036144133419852745e-02 0.000000000000000000e+00 0.000000000000000000e+00 0.000000000000000000e+00 1.000000000000000000e+00
-8.726209130637644362e-01 -3.149025819236259682e-01 -3.733217191399343382e-01 -3.853865171996616046e-01 4.883981389028441700e-01 -5.626364162272018410e-01 -6.670138837020179734e-01 -2.821364855061154753e-01 0.000000000000000000e+00 -7.643798970622167621e-01 6.447661381983044171e-01 -2.229984751036494239e-02 0.000000000000000000e+00 0.000000000000000000e+00 0.000000000000000000e+00 1.000000000000000000e+00
-8.864214118653954699e-01 -3.004022218941871936e-01 -3.521584666987215284e-01 -4.050421748713575187e-01 4.628791209231185588e-01 -5.752753788675968316e-01 -6.743894704710209353e-01 -2.727605236530484256e-01 0.000000000000000000e+00 -7.608000680532164273e-01 6.489863299409482922e-01 -2.427173321989248636e-02 0.000000000000000000e+00 0.000000000000000000e+00 0.000000000000000000e+00 1.000000000000000000e+00
-8.979661187845027204e-01 -2.859017318928966933e-01 -3.345400562200865346e-01 -4.243274490705711277e-01 4.400645969799166224e-01 -5.833917799875830701e-01 -6.826398622464286969e-01 -2.639969168752491213e-01 0.000000000000000000e+00 -7.602067026431439389e-01 6.496812828275403406e-01 -2.627065635144995581e-02 0.000000000000000000e+00 0.000000000000000000e+00 0.000000000000000000e+00 1.000000000000000000e+00
-9.072426290537340954e-01 -2.719846799269204363e-01 -3.208350758765618482e-01 -4.432283755553161342e-01 4.206076699582029232e-01 -5.866657070323006984e-01 -6.920350685945201308e-01 -2.559138118916455262e-01 0.000000000000000000e+00 -7.627894087343776164e-01 6.466469809120418688e-01 -2.829017479370621313e-02 0.000000000000000000e+00 0.000000000000000000e+00 0.000000000000000000e+00 1.000000000000000000e+00
-9.145528289063604710e-01 -2.589375071475292778e-01 -3.107160931326162778e-01 -4.617309900836067960e-01 4.044664672619640577e-01 -5.854923679454392405e-01 -7.025706825211744944e-01 -2.485793554211654377e-01 0.000000000000000000e+00 -7.682122457172012586e-01 6.401952401651658242e-01 -3.032384643533016927e-02 0.000000000000000000e+00 0.000000000000000000e+00 0.000000000000000000e+00 1.000000000000000000e+00
-9.202264760535103783e-01 -2.468327554942358337e-01 -3.037380838572288910e-01 -4.798213284134560386e-01 3.913862960939463731e-01 -5.803525545731329505e-01 -7.141482196507251690e-01 -2.420616941827372637e-01 0.000000000000000000e+00 -7.760570231726285906e-01 6.306627440910381743e-01 -3.236522916499061375e-02 0.000000000000000000e+00 0.000000000000000000e+00 0.000000000000000000e+00 1.000000000000000000e+00
-9.245712255941207491e-01 -2.356002306274779801e-01 -2.994337658509215738e-01 -4.974854263028781753e-01 3.810092502858498098e-01 -5.717162872504535365e-01 -7.266171193201902412e-01 -2.364289748952887460e-01 0.000000000000000000e+00 -7.858963151846661832e-01 6.183582956338208314e-01 -3.440788087135646101e-02 0.000000000000000000e+00 0.000000000000000000e+00 0.000000000000000000e+00 1.000000000000000000e+00
-9.278705198020840150e-01 -2.250803945191978406e-01 -2.973131589507813088e-01 -5.147093195098861873e-01 3.729025321477588140e-01 -5.600537530730238522e-01 -7.397861144862142302e-01 -2.317493442777480706e-01 0.000000000000000000e+00 -7.972945564042831501e-01 6.035904160340000990e-01 -3.644535944309650749e-02 0.000000000000000000e+00 0.000000000000000000e+00 0.000000000000000000e+00 1.000000000000000000e+00
-9.303856217956689711e-01 -2.150713045159797776e-01 -2.968618007249853585e-01 -5.314790437924946653e-01 3.665823164800590672e-01 -5.458507963610139679e-01 -7.534350093778232615e-01 -2.280909490490432567e-01 0.000000000000000000e+00 -8.098093862668186427e-01 5.866930695978592736e-01 -3.847122276887968845e-02 0.000000000000000000e+00 0.000000000000000000e+00 0.000000000000000000e+00 1.000000000000000000e+00
-9.323595368590893440e-01 -2.053677967959208206e-01 -2.975395134550934961e-01 -5.477806349087163129e-01 3.615324245872068021e-01 -5.296250374362463376e-01 -7.673275869488535017e-01 -2.255219359281023239e-01 0.000000000000000000e+00 -8.229953752967534841e-01 5.680480721207985528e-01 -4.047902873737478646e-02 0.000000000000000000e+00 0.000000000000000000e+00 0.000000000000000000e+00 1.000000000000000000e+00
-9.340211573272401147e-01 -1.957919693205413814e-01 -2.987808267186284339e-01 -5.636001286165659430e-01 3.572176894627180910e-01 -5.119394900493516865e-01 -7.812256273720972199e-01 -2.241104516338533748e-01 0.000000000000000000e+00 -8.364110611879748136e-01 5.481026698734516867e-01 -4.246233523725072984e-02 0.000000000000000000e+00 0.000000000000000000e+00 0.000000000000000000e+00 1.000000000000000000e+00
-9.355885404481982803e-01 -1.862140591489965802e-01 -2.999973452503607030e-01 -5.789235606740560369e-01 3.530921734929989841e-01 -4.934115024036310193e-01 -7.949031427248112180e-01 -2.239246428852242621e-01 0.000000000000000000e+00 -8.496289857761714082e-01 5.273808742540389005e-01 -4.441470015717630115e-02 0.000000000000000000e+00 0.000000000000000000e+00 0.000000000000000000e+00 1.000000000000000000e+00
-9.372706682026099578e-01 -1.765628247467358469e-01 -3.005815420888089951e-01 -5.937369668392011857e-01 3.486024878382725789e-01 -4.747159372163976543e-01 -8.081590712389017384e-01 -2.250326564011432551e-01 0.000000000000000000e+00 -8.622472660845094117e-01 5.064875636477063070e-01 -4.632968138582042178e-02 0.000000000000000000e+00 0.000000000000000000e+00 0.000000000000000000e+00 1.000000000000000000e+00
-9.392672952238226847e-01 -1.668246990087081383e-01 -2.999107666016311846e-01 -6.080263828700145368e-01 3.431864626160597287e-01 -4.565826478701698887e-01 -8.208260092985237844e-01 -2.275026389005382066e-01 0.000000000000000000e+00 -8.739003406936733942e-01 4.861051270409330050e-01 -4.820083681185190205e-02 0.000000000000000000e+00 0.000000000000000000e+00 0.000000000000000000e+00 1.000000000000000000e+00
-9.417665519769690130e-01 -1.570312741191364214e-01 -2.973498621589251711e-01 -6.217778445245101260e-01 3.362673959476463748e-01 -4.397892967379862239e-01 -8.327722455133194090e-01 -2.314027371023372470e-01 0.000000000000000000e+00 -8.842661100727700063e-01 4.669833472156922904e-01 -5.002172432393964252e-02 0.000000000000000000e+00 0.000000000000000000e+00 0.000000000000000000e+00 1.000000000000000000e+00
-9.449006906563306440e-01 -1.472461610837539625e-01 -2.923717716252485221e-01 -6.349773875607015450e-01 3.273571211951701310e-01 -4.250190091987686158e-01 -8.439171505678194629e-01 -2.368010977254684235e-01 0.000000000000000000e+00 -8.931278799062283280e-01 4.498028347334037669e-01 -5.178590181075246740e-02 0.000000000000000000e+00 0.000000000000000000e+00 0.000000000000000000e+00 1.000000000000000000e+00
-9.486248619820777384e-01 -1.375601778190404800e-01 -2.849352008929013635e-01 -6.476110477366024964e-01 3.164030202597378771e-01 -4.124265457096287224e-01 -8.542795052935190370e-01 -2.437658674888597554e-01 0.000000000000000000e+00 -9.005451359440113102e-01 4.347625307309525566e-01 -5.348692716095926336e-02 0.000000000000000000e+00 0.000000000000000000e+00 0.000000000000000000e+00 1.000000000000000000e+00
-9.528457499176061773e-01 -1.280299265261070629e-01 -2.751241806488016195e-01 -6.596648608102263500e-01 3.034550656422706494e-01 -4.020126376683268998e-01 -8.638870657041926027e-01 -2.523651931114392344e-01 0.000000000000000000e+00 -9.066389452635896795e-01 4.219073629735867192e-01 -5.511835826322886156e-02 0.000000000000000000e+00 0.000000000000000000e+00 0.000000000000000000e+00 1.000000000000000000e+00
-9.574643993653265683e-01 -1.186679879316512448e-01 -2.630205934679790691e-01 -6.711248625395873635e-01 2.885514234031681946e-01 -3.937612660122569164e-01 -8.727486129696399031e-01 -2.626672213121349908e-01 0.000000000000000000e+00 -9.115206931434295390e-01 4.112542108858240897e-01 -5.667375300623013479e-02 0.000000000000000000e+00 0.000000000000000000e+00 0.000000000000000000e+00 1.000000000000000000e+00
-9.623761715163470232e-01 -1.094480853531018816e-01 -2.487030782078880342e-01 -6.819770886826985734e-01 2.717206368635601832e-01 -3.876416255229164776e-01 -8.808529194277625596e-01 -2.747400988098748775e-01 0.000000000000000000e+00 -9.152896190684626232e-01 4.027963669467599095e-01 -5.814666927863192114e-02 0.000000000000000000e+00 0.000000000000000000e+00 0.000000000000000000e+00 1.000000000000000000e+00
-9.674705518685918770e-01 -1.003098750261248590e-01 -2.322469811199391887e-01 -6.922075749975742376e-01 2.529836581028153675e-01 -3.836091662092797616e-01 -8.881684954630730822e-01 -2.886519723235871915e-01 0.000000000000000000e+00 -9.180315553250141258e-01 3.965073308622875659e-01 -5.953066496910311423e-02 0.000000000000000000e+00 0.000000000000000000e+00 0.000000000000000000e+00 1.000000000000000000e+00
-9.726308681425849256e-01 -9.116335392070865073e-02 -2.137251441410885355e-01 -7.018023572422278367e-01 2.323557495225832825e-01 -3.816057586217408426e-01 -8.946439798324941073e-01 -3.044709885721997300e-01 0.000000000000000000e+00 -9.198186168417409325e-01 3.923438697257122243e-01 -6.081929796631255214e-02 0.000000000000000000e+00 0.000000000000000000e+00 0.000000000000000000e+00 1.000000000000000000e+00
-9.777343955730097846e-01 -8.189138017497665789e-02 -1.932077989277833086e-01 -7.107473123134249171e-01 2.098462573254079033e-01 -3.815556213321410484e-01 -9.002110064403581191e-01 -3.222517245804950026e-01 0.000000000000000000e+00 -9.207111977612096876e-01 3.902446544375960391e-01 -6.200556940987103638e-02 0.000000000000000000e+00 0.000000000000000000e+00 0.000000000000000000e+00 1.000000000000000000e+00
-9.826575196125014733e-01 -7.232974682128809341e-02 -1.707413449454313614e-01 -7.190253583311988494e-01 1.854297687778486692e-01 -3.833007508668035968e-01 -9.048183990370322061e-01 -3.417960230170211666e-01 0.000000000000000000e+00 -9.207871318115349313e-01 3.900654533412142855e-01 -6.307211103730415991e-02 0.000000000000000000e+00 0.000000000000000000e+00 0.000000000000000000e+00 1.000000000000000000e+00
-9.872665803650679806e-01 -6.229080257360956885e-02 -1.463712922980468234e-01 -7.266167959113030150e-01 1.590745086249354401e-01 -3.865963703212919600e-01 -9.084264126279782969e-01 -3.626821431848596955e-01 0.000000000000000000e+00 -9.201429793076389974e-01 3.915825553198992171e-01 -6.399238121592132345e-02 0.000000000000000000e+00 0.000000000000000000e+00 0.000000000000000000e+00 1.000000000000000000e+00
-9.914097642236903152e-01 -5.160391648460610492e-02 -1.201820086592695347e-01 -7.335018353842582828e-01 1.307925051443198650e-01 -3.911587030049648028e-01 -9.109819919523913789e-01 -3.844806323553894289e-01 0.000000000000000000e+00 -9.188753478393700824e-01 3.945479630324765785e-01 -6.473952189717609162e-02 0.000000000000000000e+00 0.000000000000000000e+00 0.000000000000000000e+00 1.000000000000000000e+00
-9.949215776040873926e-01 -4.012944266773193353e-02 -9.230754166898380575e-02 -7.396606870805856326e-01 1.006531391353194110e-01 -3.966657051170164316e-01 -9.124282240079085726e-01 -4.067620377999899839e-01 0.000000000000000000e+00 -9.170855719152914975e-01 3.986904234927177160e-01 -6.528667503252207072e-02 0.000000000000000000e+00 0.000000000000000000e+00 0.000000000000000000e+00 1.000000000000000000e+00
-9.976308265633500039e-01 -2.777363678412545292e-02 -6.293932785080008641e-02 -7.450735613308065997e-01 6.879486819906718842e-02 -4.027602195768584248e-01 -9.127165341089608086e-01 -4.290969067900405332e-01 0.000000000000000000e+00 -9.148840531051922742e-01 4.037166944452703077e-01 -6.560698257341290862e-02 0.000000000000000000e+00 0.000000000000000000e+00 0.000000000000000000e+00 1.000000000000000000e+00
-9.993719942192460515e-01 -1.450397333090715744e-02 -3.233035613573853606e-02 -7.497206684654420528e-01 3.543468879851144338e-02 -4.090586158166105712e-01 -9.118198460529093330e-01 -4.510557865969206937e-01 0.000000000000000000e+00 -9.123928340269968906e-01 4.093156684225330300e-01 -6.567358647130216998e-02 0.000000000000000000e+00 0.000000000000000000e+00 0.000000000000000000e+00 1.000000000000000000e+00
-9.999996186719011249e-01 -3.625648116421260198e-04 -7.944827309075087798e-04 -7.535822188150127499e-01 8.733018105737233149e-04 -4.151653746690226465e-01 -9.097455408079105910e-01 -4.722092244920093052e-01 0.000000000000000000e+00 -9.097458877195804261e-01 4.151655329833060515e-01 -6.545962867764344717e-02 0.000000000000000000e+00 0.000000000000000000e+00 0.000000000000000000e+00 1.000000000000000000e+00
-9.994044886813689965e-01 1.452510556950804659e-02 3.129998900520910426e-02 -7.566384227100400039e-01 -3.450605749041122522e-02 -4.206929669890865919e-01 -9.065466118862215428e-01 -4.921277677466861511e-01 -0.000000000000000000e+00 -9.070867923380397935e-01 4.209436436934117509e-01 -6.493825114389036035e-02 0.000000000000000000e+00 0.000000000000000000e+00 0.000000000000000000e+00 1.000000000000000000e+00
-9.975296516929090807e-01 2.994883880826506098e-02 6.354259238856904690e-02 -7.588694904810450170e-01 -7.024666535447270099e-02 -4.252850237696521596e-01 -9.023292384511448772e-01 -5.103819636323302378e-01 -0.000000000000000000e+00 -9.045638261677740877e-01 4.263382276886709676e-01 -6.408259582149652966e-02 0.000000000000000000e+00 0.000000000000000000e+00 0.000000000000000000e+00 1.000000000000000000e+00
-9.943836295498222899e-01 4.562160015998245610e-02 9.549799412639345397e-02 -7.602556324585487690e-01 -1.058357089234157750e-01 -4.286395661201753415e-01 -8.972552173562358124e-01 -5.265423594203213487e-01 -0.000000000000000000e+00 -9.023229975763394917e-01 4.310605619223932816e-01 -6.286580466191551975e-02 0.000000000000000000e+00 0.000000000000000000e+00 0.000000000000000000e+00 1.000000000000000000e+00
-9.900481507893063027e-01 6.119686703951861262e-02 1.267264872993103531e-01 -7.607770589730719069e-01 -1.407290272782228402e-01 -4.305284149146544892e-01 -8.915383473706558481e-01 -5.401795023820379349e-01 -0.000000000000000000e+00 -9.004999874600903009e-01 4.348560366194510474e-01 -6.126101961660095768e-02 0.000000000000000000e+00 0.000000000000000000e+00 0.000000000000000000e+00 1.000000000000000000e+00
-9.846783222369762667e-01 7.629372418195394523e-02 1.568051955995765911e-01 -7.604139803551362986e-01 -1.743806231109796823e-01 -4.308091976302089732e-01 -8.854348273705083816e-01 -5.508639397888602796e-01 -0.000000000000000000e+00 -8.992122679810722330e-01 4.375126250890783997e-01 -5.924138263700646362e-02 0.000000000000000000e+00 0.000000000000000000e+00 0.000000000000000000e+00 1.000000000000000000e+00
